  0.102819E-04  0.190382E+08  0.190382E+08  0.253710E+08  0.253706E+08  0.000000E+00  0.190382E+08
  0.125008E-04  0.190382E+08  0.190382E+08  0.253646E+08  0.253641E+08  0.000000E+00  0.190382E+08
  0.151984E-04  0.190381E+08  0.190381E+08  0.253553E+08  0.253545E+08  0.000000E+00  0.190381E+08
  0.184781E-04  0.190381E+08  0.190381E+08  0.253414E+08  0.253402E+08  0.000000E+00  0.190381E+08
  0.224657E-04  0.190381E+08  0.190381E+08  0.253209E+08  0.253192E+08  0.000000E+00  0.190381E+08
  0.273137E-04  0.190380E+08  0.190380E+08  0.252907E+08  0.252881E+08  0.000000E+00  0.190380E+08
  0.332079E-04  0.190379E+08  0.190379E+08  0.252461E+08  0.252423E+08  0.000000E+00  0.190379E+08
  0.403741E-04  0.190378E+08  0.190378E+08  0.251802E+08  0.251746E+08  0.000000E+00  0.190378E+08
  0.490867E-04  0.190376E+08  0.190376E+08  0.250832E+08  0.250750E+08  0.000000E+00  0.190376E+08
  0.596794E-04  0.190373E+08  0.190373E+08  0.249404E+08  0.249283E+08  0.000000E+00  0.190373E+08
  0.725581E-04  0.190369E+08  0.190369E+08  0.247307E+08  0.247129E+08  0.000000E+00  0.190369E+08
  0.882159E-04  0.190363E+08  0.190363E+08  0.244237E+08  0.243976E+08  0.000000E+00  0.190363E+08
  0.107253E-03  0.190354E+08  0.190354E+08  0.239762E+08  0.239383E+08  0.000000E+00  0.190354E+08
  0.130397E-03  0.190341E+08  0.190340E+08  0.233287E+08  0.232739E+08  0.000000E+00  0.190341E+08
  0.158537E-03  0.190322E+08  0.190321E+08  0.224010E+08  0.223226E+08  0.000000E+00  0.190322E+08
  0.192749E-03  0.190294E+08  0.190292E+08  0.210918E+08  0.209816E+08  0.000000E+00  0.190294E+08
  0.234343E-03  0.190252E+08  0.190250E+08  0.192858E+08  0.191345E+08  0.000000E+00  0.190252E+08
  0.284914E-03  0.190192E+08  0.190188E+08  0.168777E+08  0.166775E+08  0.000000E+00  0.190191E+08
  0.346397E-03  0.190104E+08  0.190098E+08  0.138285E+08  0.135781E+08  0.000000E+00  0.190103E+08
  0.421149E-03  0.189978E+08  0.189970E+08  0.102621E+08  0.997560E+07  0.000000E+00  0.189977E+08
  0.512032E-03  0.189798E+08  0.189786E+08  0.657936E+07  0.629600E+07  0.000000E+00  0.189796E+08
  0.622526E-03  0.189545E+08  0.189529E+08  0.347349E+07  0.325778E+07  0.000000E+00  0.189542E+08
  0.756866E-03  0.189194E+08  0.189173E+08  0.161944E+07  0.153105E+07  0.000000E+00  0.189191E+08
  0.920195E-03  0.188717E+08  0.188691E+08  0.993712E+06  0.102416E+07  0.000000E+00  0.188713E+08
  0.111877E-02  0.188077E+08  0.188046E+08  0.680287E+06  0.735791E+06  0.000000E+00  0.188072E+08
  0.136020E-02  0.187230E+08  0.187195E+08  0.238088E+06  0.267788E+06  0.000000E+00  0.187225E+08
  0.165372E-02  0.186121E+08  0.186085E+08  0.127449E+06  0.000000E+00  0.000000E+00  0.186115E+08
  0.201059E-02  0.184685E+08  0.184649E+08 -0.475829E+04  0.000000E+00  0.000000E+00  0.184680E+08
  0.244447E-02  0.182847E+08  0.182810E+08  0.324601E+04  0.000000E+00  0.000000E+00  0.182842E+08
  0.297198E-02  0.180521E+08  0.180481E+08 -0.510521E+04  0.000000E+00  0.000000E+00  0.180515E+08
  0.361333E-02  0.177611E+08  0.177567E+08 -0.216368E+05  0.000000E+00  0.000000E+00  0.177604E+08
  0.439308E-02  0.174018E+08  0.173968E+08 -0.159076E+05  0.000000E+00  0.000000E+00  0.174010E+08
  0.534109E-02  0.169635E+08  0.169576E+08 -0.140922E+05  0.000000E+00  0.000000E+00  0.169626E+08
  0.649368E-02  0.164354E+08  0.164282E+08 -0.109333E+05  0.000000E+00  0.000000E+00  0.164343E+08
  0.789500E-02  0.158064E+08  0.157974E+08 -0.695312E+04  0.000000E+00  0.000000E+00  0.158050E+08
  0.959871E-02  0.150671E+08  0.150554E+08  0.188529E+04  0.000000E+00  0.000000E+00  0.150653E+08
  0.116701E-01  0.142039E+08  0.141887E+08 -0.195789E+04  0.000000E+00  0.000000E+00  0.142016E+08
  0.141885E-01  0.132137E+08  0.131937E+08  0.243161E+03  0.000000E+00  0.000000E+00  0.132106E+08
  0.172503E-01  0.120831E+08  0.120572E+08 -0.148961E+04  0.000000E+00  0.000000E+00  0.120791E+08
  0.209728E-01  0.108235E+08  0.107906E+08 -0.396456E+03  0.000000E+00  0.000000E+00  0.108184E+08
  0.251674E-01  0.954984E+07  0.951048E+07 -0.415115E+02  0.000000E+00  0.000000E+00  0.954378E+07
  0.293620E-01  0.843689E+07  0.839323E+07  0.183723E+02  0.000000E+00  0.000000E+00  0.843017E+07
  0.335566E-01  0.748726E+07  0.744191E+07 -0.767121E+02  0.000000E+00  0.000000E+00  0.748028E+07
  0.377511E-01  0.669712E+07  0.665268E+07 -0.990770E+01  0.000000E+00  0.000000E+00  0.669027E+07
  0.419457E-01  0.605451E+07  0.601324E+07 -0.376260E+02  0.000000E+00  0.000000E+00  0.604815E+07
  0.461403E-01  0.553838E+07  0.550189E+07  0.000000E+00  0.000000E+00  0.000000E+00  0.553276E+07
  0.503348E-01  0.513033E+07  0.509943E+07  0.000000E+00  0.000000E+00  0.000000E+00  0.512557E+07
  0.545294E-01  0.479755E+07  0.477226E+07  0.000000E+00  0.000000E+00  0.000000E+00  0.479365E+07
  0.587240E-01  0.451631E+07  0.449596E+07  0.000000E+00  0.000000E+00  0.000000E+00  0.451318E+07
  0.629185E-01  0.426586E+07  0.424931E+07  0.000000E+00  0.000000E+00  0.000000E+00  0.426331E+07
  0.671131E-01  0.402965E+07  0.401553E+07  0.000000E+00  0.000000E+00  0.000000E+00  0.402748E+07
  0.713077E-01  0.379780E+07  0.378477E+07  0.000000E+00  0.000000E+00  0.000000E+00  0.379579E+07
  0.755022E-01  0.356717E+07  0.355411E+07  0.000000E+00  0.000000E+00  0.000000E+00  0.356516E+07
  0.796968E-01  0.334018E+07  0.332635E+07  0.000000E+00  0.000000E+00  0.000000E+00  0.333805E+07
  0.838914E-01  0.312201E+07  0.310709E+07  0.000000E+00  0.000000E+00  0.000000E+00  0.311971E+07
  0.880859E-01  0.291816E+07  0.290223E+07  0.000000E+00  0.000000E+00  0.000000E+00  0.291570E+07
  0.943012E-01  0.265220E+07  0.263557E+07  0.000000E+00  0.000000E+00  0.000000E+00  0.264964E+07
  0.100516E+00  0.243769E+07  0.242171E+07  0.000000E+00  0.000000E+00  0.000000E+00  0.243523E+07
  0.106732E+00  0.227385E+07  0.225970E+07  0.000000E+00  0.000000E+00  0.000000E+00  0.227167E+07
  0.112947E+00  0.214828E+07  0.213658E+07  0.000000E+00  0.000000E+00  0.000000E+00  0.214647E+07
  0.119162E+00  0.204391E+07  0.203455E+07  0.000000E+00  0.000000E+00  0.000000E+00  0.204247E+07
  0.125377E+00  0.194518E+07  0.193746E+07  0.000000E+00  0.000000E+00  0.000000E+00  0.194399E+07
  0.131593E+00  0.184142E+07  0.183441E+07  0.000000E+00  0.000000E+00  0.000000E+00  0.184034E+07
  0.137808E+00  0.173048E+07  0.172337E+07  0.000000E+00  0.000000E+00  0.000000E+00  0.172938E+07
  0.144023E+00  0.161813E+07  0.161048E+07  0.000000E+00  0.000000E+00  0.000000E+00  0.161696E+07
  0.150238E+00  0.151226E+07  0.150406E+07  0.000000E+00  0.000000E+00  0.000000E+00  0.151099E+07
  0.156453E+00  0.141901E+07  0.141060E+07  0.000000E+00  0.000000E+00  0.000000E+00  0.141771E+07
  0.162669E+00  0.134206E+07  0.133395E+07  0.000000E+00  0.000000E+00  0.000000E+00  0.134082E+07
  0.168884E+00  0.128120E+07  0.127380E+07  0.000000E+00  0.000000E+00  0.000000E+00  0.128006E+07
  0.175099E+00  0.123189E+07  0.122541E+07  0.000000E+00  0.000000E+00  0.000000E+00  0.123089E+07
  0.181314E+00  0.118797E+07  0.118237E+07  0.000000E+00  0.000000E+00  0.000000E+00  0.118711E+07
  0.187530E+00  0.114446E+07  0.113950E+07  0.000000E+00  0.000000E+00  0.000000E+00  0.114370E+07
  0.193745E+00  0.109853E+07  0.109387E+07  0.000000E+00  0.000000E+00  0.000000E+00  0.109781E+07
  0.199960E+00  0.104981E+07  0.104516E+07  0.000000E+00  0.000000E+00  0.000000E+00  0.104909E+07
  0.206175E+00  0.100012E+07  0.995319E+06  0.000000E+00  0.000000E+00  0.000000E+00  0.999378E+06
  0.212390E+00  0.952320E+06  0.947364E+06  0.000000E+00  0.000000E+00  0.000000E+00  0.951556E+06
  0.218606E+00  0.909021E+06  0.904022E+06  0.000000E+00  0.000000E+00  0.000000E+00  0.908251E+06
  0.224821E+00  0.871740E+06  0.866871E+06  0.000000E+00  0.000000E+00  0.000000E+00  0.870990E+06
  0.231036E+00  0.840420E+06  0.835835E+06  0.000000E+00  0.000000E+00  0.000000E+00  0.839714E+06
  0.237251E+00  0.813559E+06  0.809343E+06  0.000000E+00  0.000000E+00  0.000000E+00  0.812910E+06
  0.243467E+00  0.789054E+06  0.785202E+06  0.000000E+00  0.000000E+00  0.000000E+00  0.788461E+06
  0.249682E+00  0.765059E+06  0.761493E+06  0.000000E+00  0.000000E+00  0.000000E+00  0.764510E+06
  0.255897E+00  0.740440E+06  0.737045E+06  0.000000E+00  0.000000E+00  0.000000E+00  0.739917E+06
  0.262112E+00  0.714960E+06  0.711628E+06  0.000000E+00  0.000000E+00  0.000000E+00  0.714447E+06
  0.268327E+00  0.689187E+06  0.685850E+06  0.000000E+00  0.000000E+00  0.000000E+00  0.688673E+06
  0.274543E+00  0.664124E+06  0.660768E+06  0.000000E+00  0.000000E+00  0.000000E+00  0.663607E+06
  0.280758E+00  0.640745E+06  0.637402E+06  0.000000E+00  0.000000E+00  0.000000E+00  0.640231E+06
  0.286973E+00  0.619656E+06  0.616381E+06  0.000000E+00  0.000000E+00  0.000000E+00  0.619152E+06
  0.293188E+00  0.600906E+06  0.597755E+06  0.000000E+00  0.000000E+00  0.000000E+00  0.600421E+06
  0.299404E+00  0.584056E+06  0.581065E+06  0.000000E+00  0.000000E+00  0.000000E+00  0.583596E+06
  0.305619E+00  0.568440E+06  0.565614E+06  0.000000E+00  0.000000E+00  0.000000E+00  0.568005E+06
  0.311834E+00  0.553402E+06  0.550717E+06  0.000000E+00  0.000000E+00  0.000000E+00  0.552988E+06
  0.318049E+00  0.538444E+06  0.535862E+06  0.000000E+00  0.000000E+00  0.000000E+00  0.538046E+06
  0.324264E+00  0.523359E+06  0.520840E+06  0.000000E+00  0.000000E+00  0.000000E+00  0.522971E+06
  0.330480E+00  0.508276E+06  0.505792E+06  0.000000E+00  0.000000E+00  0.000000E+00  0.507894E+06
  0.336695E+00  0.493536E+06  0.491074E+06  0.000000E+00  0.000000E+00  0.000000E+00  0.493157E+06
  0.342910E+00  0.479486E+06  0.477054E+06  0.000000E+00  0.000000E+00  0.000000E+00  0.479111E+06
  0.349125E+00  0.466354E+06  0.463967E+06  0.000000E+00  0.000000E+00  0.000000E+00  0.465986E+06
  0.355341E+00  0.454202E+06  0.451879E+06  0.000000E+00  0.000000E+00  0.000000E+00  0.453845E+06
  0.361556E+00  0.442941E+06  0.440696E+06  0.000000E+00  0.000000E+00  0.000000E+00  0.442595E+06
  0.367771E+00  0.432359E+06  0.430197E+06  0.000000E+00  0.000000E+00  0.000000E+00  0.432026E+06
  0.373986E+00  0.422198E+06  0.420112E+06  0.000000E+00  0.000000E+00  0.000000E+00  0.421877E+06
  0.380201E+00  0.412253E+06  0.410231E+06  0.000000E+00  0.000000E+00  0.000000E+00  0.411941E+06
  0.386417E+00  0.402437E+06  0.400464E+06  0.000000E+00  0.000000E+00  0.000000E+00  0.402133E+06
  0.392632E+00  0.392758E+06  0.390823E+06  0.000000E+00  0.000000E+00  0.000000E+00  0.392460E+06
  0.398847E+00  0.383283E+06  0.381379E+06  0.000000E+00  0.000000E+00  0.000000E+00  0.382990E+06
  0.405062E+00  0.374122E+06  0.372248E+06  0.000000E+00  0.000000E+00  0.000000E+00  0.373834E+06
  0.411278E+00  0.365378E+06  0.363537E+06  0.000000E+00  0.000000E+00  0.000000E+00  0.365094E+06
  0.412664E+00  0.363491E+06  0.361659E+06  0.000000E+00  0.000000E+00  0.000000E+00  0.363208E+06
  0.504029E+00  0.268004E+06  0.266670E+06  0.000000E+00  0.000000E+00  0.000000E+00  0.267798E+06
  0.615622E+00  0.196161E+06  0.195183E+06  0.000000E+00  0.000000E+00  0.000000E+00  0.196010E+06
  0.751923E+00  0.142827E+06  0.142116E+06  0.000000E+00  0.000000E+00  0.000000E+00  0.142717E+06
  0.918401E+00  0.103468E+06  0.102953E+06  0.000000E+00  0.000000E+00  0.000000E+00  0.103389E+06
  0.112174E+01  0.746170E+05  0.742454E+05  0.000000E+00  0.000000E+00  0.000000E+00  0.745598E+05
  0.137009E+01  0.535894E+05  0.533225E+05  0.000000E+00  0.000000E+00  0.000000E+00  0.535483E+05
  0.167343E+01  0.383432E+05  0.381521E+05  0.000000E+00  0.000000E+00  0.000000E+00  0.383138E+05
  0.204394E+01  0.273403E+05  0.272039E+05  0.000000E+00  0.000000E+00  0.000000E+00  0.273193E+05
  0.249647E+01  0.194336E+05  0.193366E+05  0.000000E+00  0.000000E+00  0.000000E+00  0.194187E+05
  0.304920E+01  0.137739E+05  0.137049E+05  0.000000E+00  0.000000E+00  0.000000E+00  0.137632E+05
  0.372430E+01  0.973658E+04  0.968766E+04  0.000000E+00  0.000000E+00  0.000000E+00  0.972905E+04
  0.454887E+01  0.686591E+04  0.683123E+04  0.000000E+00  0.000000E+00  0.000000E+00  0.686057E+04
  0.555600E+01  0.483074E+04  0.480614E+04  0.000000E+00  0.000000E+00  0.000000E+00  0.482695E+04
  0.678612E+01  0.339176E+04  0.337429E+04  0.000000E+00  0.000000E+00  0.000000E+00  0.338907E+04
  0.828858E+01  0.237684E+04  0.236438E+04  0.000000E+00  0.000000E+00  0.000000E+00  0.237492E+04
  0.101237E+02  0.166263E+04  0.165369E+04  0.000000E+00  0.000000E+00  0.000000E+00  0.166126E+04
  0.123651E+02  0.116109E+04  0.115462E+04  0.000000E+00  0.000000E+00  0.000000E+00  0.116009E+04
  0.151028E+02  0.809575E+03  0.804818E+03  0.000000E+00  0.000000E+00  0.000000E+00  0.808842E+03
  0.184466E+02  0.563648E+03  0.560085E+03  0.000000E+00  0.000000E+00  0.000000E+00  0.563099E+03
  0.225307E+02  0.391881E+03  0.389143E+03  0.000000E+00  0.000000E+00  0.000000E+00  0.391459E+03
