    0.10000E-03    0.50113E+03
    0.10202E-03    0.51084E+03
    0.10408E-03    0.52074E+03
    0.10618E-03    0.53083E+03
    0.10833E-03    0.54111E+03
    0.11052E-03    0.55160E+03
    0.11275E-03    0.56228E+03
    0.11503E-03    0.57318E+03
    0.11735E-03    0.58428E+03
    0.11972E-03    0.59560E+03
    0.12214E-03    0.60713E+03
    0.12461E-03    0.61889E+03
    0.12712E-03    0.63088E+03
    0.12969E-03    0.64310E+03
    0.13231E-03    0.65556E+03
    0.13499E-03    0.66825E+03
    0.13771E-03    0.68120E+03
    0.14049E-03    0.69439E+03
    0.14333E-03    0.70783E+03
    0.14623E-03    0.72154E+03
    0.14918E-03    0.73551E+03
    0.15220E-03    0.74975E+03
    0.15527E-03    0.76427E+03
    0.15841E-03    0.77907E+03
    0.16161E-03    0.79415E+03
    0.16487E-03    0.80952E+03
    0.16820E-03    0.82519E+03
    0.17160E-03    0.84117E+03
    0.17507E-03    0.85745E+03
    0.17860E-03    0.87404E+03
    0.18221E-03    0.89096E+03
    0.18589E-03    0.90820E+03
    0.18965E-03    0.92577E+03
    0.19348E-03    0.94368E+03
    0.19739E-03    0.96194E+03
    0.20138E-03    0.98055E+03
    0.20544E-03    0.99952E+03
    0.20959E-03    0.10189E+04
    0.21383E-03    0.10386E+04
    0.21815E-03    0.10586E+04
    0.22255E-03    0.10791E+04
    0.22705E-03    0.11000E+04
    0.23164E-03    0.11212E+04
    0.23632E-03    0.11429E+04
    0.24109E-03    0.11650E+04
    0.24596E-03    0.11875E+04
    0.25093E-03    0.12105E+04
    0.25600E-03    0.12339E+04
    0.26117E-03    0.12577E+04
    0.26645E-03    0.12820E+04
    0.27183E-03    0.13068E+04
    0.27732E-03    0.13320E+04
    0.28292E-03    0.13577E+04
    0.28864E-03    0.13839E+04
    0.29447E-03    0.14106E+04
    0.30042E-03    0.14379E+04
    0.30649E-03    0.14656E+04
    0.31268E-03    0.14939E+04
    0.31899E-03    0.15227E+04
    0.32544E-03    0.15520E+04
    0.33201E-03    0.15820E+04
    0.33872E-03    0.16125E+04
    0.34556E-03    0.16435E+04
    0.35254E-03    0.16752E+04
    0.35966E-03    0.17075E+04
    0.36693E-03    0.17404E+04
    0.37434E-03    0.17739E+04
    0.38190E-03    0.18080E+04
    0.38962E-03    0.18428E+04
    0.39749E-03    0.18783E+04
    0.40552E-03    0.19144E+04
    0.41371E-03    0.19512E+04
    0.42207E-03    0.19887E+04
    0.43060E-03    0.20269E+04
    0.43929E-03    0.20659E+04
    0.44817E-03    0.21055E+04
    0.45722E-03    0.21460E+04
    0.46646E-03    0.21871E+04
    0.47588E-03    0.22291E+04
    0.48550E-03    0.22718E+04
    0.49530E-03    0.23154E+04
    0.50531E-03    0.23598E+04
    0.51552E-03    0.24049E+04
    0.52593E-03    0.24510E+04
    0.53656E-03    0.24979E+04
    0.54739E-03    0.25457E+04
    0.55845E-03    0.25943E+04
    0.56973E-03    0.26439E+04
    0.58124E-03    0.26944E+04
    0.59299E-03    0.27458E+04
    0.60496E-03    0.27982E+04
    0.61719E-03    0.28516E+04
    0.62965E-03    0.29059E+04
    0.64237E-03    0.29613E+04
    0.65535E-03    0.30176E+04
    0.66859E-03    0.30750E+04
    0.68210E-03    0.31335E+04
    0.69588E-03    0.31930E+04
    0.70993E-03    0.32536E+04
    0.72427E-03    0.33153E+04
    0.73891E-03    0.33782E+04
    0.75383E-03    0.34422E+04
    0.76906E-03    0.35074E+04
    0.78460E-03    0.35737E+04
    0.80045E-03    0.36412E+04
    0.81662E-03    0.37100E+04
    0.83311E-03    0.37800E+04
    0.84994E-03    0.38513E+04
    0.86711E-03    0.39238E+04
    0.88463E-03    0.39977E+04
    0.90250E-03    0.40728E+04
    0.92073E-03    0.41493E+04
    0.93933E-03    0.42272E+04
    0.95831E-03    0.43064E+04
    0.97767E-03    0.43871E+04
    0.99742E-03    0.44691E+04
    0.10176E-02    0.45526E+04
    0.10381E-02    0.46376E+04
    0.10591E-02    0.47241E+04
    0.10805E-02    0.48120E+04
    0.11023E-02    0.49015E+04
    0.11246E-02    0.49926E+04
    0.11473E-02    0.50852E+04
    0.11705E-02    0.51794E+04
    0.11941E-02    0.52752E+04
    0.12182E-02    0.53727E+04
    0.12429E-02    0.54718E+04
    0.12680E-02    0.55726E+04
    0.12936E-02    0.56751E+04
    0.13197E-02    0.57793E+04
    0.13464E-02    0.58853E+04
    0.13736E-02    0.59931E+04
    0.14013E-02    0.61026E+04
    0.14296E-02    0.62139E+04
    0.14585E-02    0.63271E+04
    0.14880E-02    0.64421E+04
    0.15180E-02    0.65590E+04
    0.15487E-02    0.66778E+04
    0.15800E-02    0.67985E+04
    0.16119E-02    0.69212E+04
    0.16445E-02    0.70458E+04
    0.16777E-02    0.71723E+04
    0.17116E-02    0.73009E+04
    0.17462E-02    0.74315E+04
    0.17814E-02    0.75641E+04
    0.18174E-02    0.76988E+04
    0.18541E-02    0.78355E+04
    0.18916E-02    0.79743E+04
    0.19298E-02    0.81153E+04
    0.19688E-02    0.82583E+04
    0.20086E-02    0.84035E+04
    0.20491E-02    0.85508E+04
    0.20905E-02    0.87003E+04
    0.21328E-02    0.88519E+04
    0.21758E-02    0.90057E+04
    0.22198E-02    0.91618E+04
    0.22646E-02    0.93200E+04
    0.23104E-02    0.94805E+04
    0.23571E-02    0.96433E+04
    0.24047E-02    0.98083E+04
    0.24533E-02    0.99755E+04
    0.25028E-02    0.10145E+05
    0.25534E-02    0.10317E+05
    0.26050E-02    0.10491E+05
    0.26576E-02    0.10667E+05
    0.27113E-02    0.10846E+05
    0.27660E-02    0.11027E+05
    0.28219E-02    0.11210E+05
    0.28789E-02    0.11395E+05
    0.29371E-02    0.11582E+05
    0.29964E-02    0.11772E+05
    0.30569E-02    0.11964E+05
    0.31187E-02    0.12158E+05
    0.31817E-02    0.12354E+05
    0.32460E-02    0.12552E+05
    0.33115E-02    0.12753E+05
    0.33784E-02    0.12956E+05
    0.34467E-02    0.13161E+05
    0.35163E-02    0.13369E+05
    0.35874E-02    0.13579E+05
    0.36598E-02    0.13792E+05
    0.37338E-02    0.14007E+05
    0.38092E-02    0.14224E+05
    0.38861E-02    0.14442E+05
    0.39646E-02    0.14663E+05
    0.40447E-02    0.14885E+05
    0.41264E-02    0.15109E+05
    0.42098E-02    0.15333E+05
    0.42948E-02    0.15558E+05
    0.43816E-02    0.15784E+05
    0.44701E-02    0.16010E+05
    0.45604E-02    0.16236E+05
    0.46525E-02    0.16462E+05
    0.47465E-02    0.16690E+05
    0.48424E-02    0.16918E+05
    0.49402E-02    0.17147E+05
    0.50400E-02    0.17377E+05
    0.51419E-02    0.17609E+05
    0.52457E-02    0.17842E+05
    0.53517E-02    0.18078E+05
    0.54598E-02    0.18316E+05
    0.55701E-02    0.18555E+05
    0.56826E-02    0.18796E+05
    0.57974E-02    0.19039E+05
    0.59145E-02    0.19282E+05
    0.60340E-02    0.19527E+05
    0.61559E-02    0.19772E+05
    0.62803E-02    0.20017E+05
    0.64072E-02    0.20263E+05
    0.65366E-02    0.20507E+05
    0.66686E-02    0.20751E+05
    0.68033E-02    0.20994E+05
    0.69408E-02    0.21236E+05
    0.70810E-02    0.21478E+05
    0.72240E-02    0.21718E+05
    0.73700E-02    0.21956E+05
    0.75189E-02    0.22194E+05
    0.76708E-02    0.22430E+05
    0.78257E-02    0.22664E+05
    0.79838E-02    0.22897E+05
    0.81451E-02    0.23128E+05
    0.83096E-02    0.23357E+05
    0.84775E-02    0.23584E+05
    0.86488E-02    0.23808E+05
    0.88235E-02    0.24029E+05
    0.90017E-02    0.24248E+05
    0.91836E-02    0.24462E+05
    0.93691E-02    0.24673E+05
    0.95583E-02    0.24880E+05
    0.97514E-02    0.25083E+05
    0.99484E-02    0.25282E+05
    0.10149E-01    0.25475E+05
    0.10354E-01    0.25664E+05
    0.10564E-01    0.25847E+05
    0.10777E-01    0.26026E+05
    0.10995E-01    0.26198E+05
    0.11217E-01    0.26365E+05
    0.11443E-01    0.26527E+05
    0.11675E-01    0.26682E+05
    0.11910E-01    0.26830E+05
    0.12151E-01    0.26972E+05
    0.12397E-01    0.27107E+05
    0.12647E-01    0.27234E+05
    0.12902E-01    0.27354E+05
    0.13163E-01    0.27465E+05
    0.13429E-01    0.27567E+05
    0.13700E-01    0.27661E+05
    0.13977E-01    0.27745E+05
    0.14259E-01    0.27819E+05
    0.14547E-01    0.27883E+05
    0.14841E-01    0.27936E+05
    0.15141E-01    0.27979E+05
    0.15447E-01    0.28011E+05
    0.15759E-01    0.28032E+05
    0.16077E-01    0.28041E+05
    0.16402E-01    0.28040E+05
    0.16734E-01    0.28026E+05
    0.17072E-01    0.28001E+05
    0.17416E-01    0.27965E+05
    0.17768E-01    0.27916E+05
    0.18127E-01    0.27855E+05
    0.18493E-01    0.27781E+05
    0.18867E-01    0.27695E+05
    0.19248E-01    0.27596E+05
    0.19637E-01    0.27483E+05
    0.20034E-01    0.27358E+05
    0.20438E-01    0.27219E+05
    0.20851E-01    0.27066E+05
    0.21272E-01    0.26900E+05
    0.21702E-01    0.26721E+05
    0.22141E-01    0.26529E+05
    0.22588E-01    0.26323E+05
    0.23044E-01    0.26104E+05
    0.23510E-01    0.25873E+05
    0.23985E-01    0.25630E+05
    0.24469E-01    0.25375E+05
    0.24964E-01    0.25108E+05
    0.25468E-01    0.24830E+05
    0.25982E-01    0.24540E+05
    0.26507E-01    0.24241E+05
    0.27043E-01    0.23932E+05
    0.27589E-01    0.23614E+05
    0.28146E-01    0.23288E+05
    0.28715E-01    0.22954E+05
    0.29295E-01    0.22613E+05
    0.29887E-01    0.22266E+05
    0.30490E-01    0.21913E+05
    0.31106E-01    0.21556E+05
    0.31735E-01    0.21195E+05
    0.32376E-01    0.20831E+05
    0.33030E-01    0.20466E+05
    0.33697E-01    0.20100E+05
    0.34378E-01    0.19734E+05
    0.35072E-01    0.19370E+05
    0.35781E-01    0.19007E+05
    0.36504E-01    0.18649E+05
    0.37241E-01    0.18294E+05
    0.37993E-01    0.17945E+05
    0.38761E-01    0.17603E+05
    0.39544E-01    0.17267E+05
    0.40343E-01    0.16938E+05
    0.41158E-01    0.16617E+05
    0.41989E-01    0.16305E+05
    0.42838E-01    0.16001E+05
    0.43703E-01    0.15706E+05
    0.44586E-01    0.15423E+05
    0.45486E-01    0.15152E+05
    0.46405E-01    0.14894E+05
    0.47343E-01    0.14649E+05
    0.48299E-01    0.14416E+05
    0.49275E-01    0.14194E+05
    0.50270E-01    0.13982E+05
    0.51286E-01    0.13779E+05
    0.52322E-01    0.13584E+05
    0.53379E-01    0.13396E+05
    0.54457E-01    0.13216E+05
    0.55557E-01    0.13042E+05
    0.56680E-01    0.12873E+05
    0.57825E-01    0.12707E+05
    0.58993E-01    0.12544E+05
    0.60184E-01    0.12381E+05
    0.61400E-01    0.12218E+05
    0.62641E-01    0.12051E+05
    0.63906E-01    0.11879E+05
    0.65197E-01    0.11701E+05
    0.66514E-01    0.11515E+05
    0.67858E-01    0.11319E+05
    0.69229E-01    0.11113E+05
    0.70627E-01    0.10895E+05
    0.72054E-01    0.10665E+05
    0.73510E-01    0.10424E+05
    0.74994E-01    0.10171E+05
    0.76509E-01    0.99076E+04
    0.78055E-01    0.96355E+04
    0.79632E-01    0.93565E+04
    0.81241E-01    0.90725E+04
    0.82882E-01    0.87861E+04
    0.84556E-01    0.84996E+04
    0.86264E-01    0.82155E+04
    0.88007E-01    0.79365E+04
    0.89785E-01    0.76650E+04
    0.91598E-01    0.74037E+04
    0.93449E-01    0.71553E+04
    0.95337E-01    0.69218E+04
    0.97263E-01    0.67050E+04
    0.99227E-01    0.65062E+04
    0.10123E+00    0.63266E+04
    0.10328E+00    0.61662E+04
    0.10536E+00    0.60241E+04
    0.10749E+00    0.58988E+04
    0.10966E+00    0.57887E+04
    0.11188E+00    0.56907E+04
    0.11414E+00    0.56020E+04
    0.11644E+00    0.55194E+04
    0.11880E+00    0.54392E+04
    0.12120E+00    0.53577E+04
    0.12365E+00    0.52713E+04
    0.12614E+00    0.51763E+04
    0.12869E+00    0.50700E+04
    0.13129E+00    0.49509E+04
    0.13394E+00    0.48184E+04
    0.13665E+00    0.46745E+04
    0.13941E+00    0.45218E+04
    0.14223E+00    0.43640E+04
    0.14510E+00    0.42052E+04
    0.14803E+00    0.40494E+04
    0.15102E+00    0.39002E+04
    0.15407E+00    0.37608E+04
    0.15718E+00    0.36341E+04
    0.16036E+00    0.35223E+04
    0.16360E+00    0.34262E+04
    0.16690E+00    0.33454E+04
    0.17028E+00    0.32777E+04
    0.17371E+00    0.32197E+04
    0.17722E+00    0.31671E+04
    0.18080E+00    0.31160E+04
    0.18446E+00    0.30623E+04
    0.18818E+00    0.30030E+04
    0.19198E+00    0.29360E+04
    0.19586E+00    0.28606E+04
    0.19982E+00    0.27776E+04
    0.20386E+00    0.26896E+04
    0.20797E+00    0.26000E+04
    0.21218E+00    0.25127E+04
    0.21646E+00    0.24312E+04
    0.22083E+00    0.23580E+04
    0.22530E+00    0.22947E+04
    0.22985E+00    0.22409E+04
    0.23449E+00    0.21949E+04
    0.23923E+00    0.21537E+04
    0.24406E+00    0.21140E+04
    0.24899E+00    0.20730E+04
    0.25402E+00    0.20285E+04
    0.25915E+00    0.19797E+04
    0.26439E+00    0.19273E+04
    0.26973E+00    0.18732E+04
    0.27518E+00    0.18199E+04
    0.28074E+00    0.17698E+04
    0.28641E+00    0.17246E+04
    0.29219E+00    0.16846E+04
    0.29810E+00    0.16489E+04
    0.30412E+00    0.16160E+04
    0.31026E+00    0.15838E+04
    0.31653E+00    0.15509E+04
    0.32292E+00    0.15164E+04
    0.32945E+00    0.14805E+04
    0.33610E+00    0.14444E+04
    0.34289E+00    0.14096E+04
    0.34982E+00    0.13771E+04
    0.35689E+00    0.13473E+04
    0.36409E+00    0.13196E+04
    0.37145E+00    0.12932E+04
    0.37895E+00    0.12671E+04
    0.38661E+00    0.12407E+04
    0.39442E+00    0.12141E+04
    0.40239E+00    0.11879E+04
    0.41052E+00    0.11625E+04
    0.41881E+00    0.11384E+04
    0.42727E+00    0.11151E+04
    0.43590E+00    0.10926E+04
    0.44471E+00    0.10707E+04
    0.45369E+00    0.10496E+04
    0.46286E+00    0.10291E+04
    0.47221E+00    0.10091E+04
    0.48174E+00    0.98972E+03
    0.49148E+00    0.97078E+03
    0.50141E+00    0.95230E+03
    0.51153E+00    0.93422E+03
    0.52187E+00    0.91654E+03
    0.53241E+00    0.89924E+03
    0.54317E+00    0.88232E+03
    0.55414E+00    0.86577E+03
    0.56533E+00    0.84958E+03
    0.57675E+00    0.83375E+03
    0.58840E+00    0.81825E+03
    0.60029E+00    0.80310E+03
    0.61242E+00    0.78827E+03
    0.62479E+00    0.77376E+03
    0.63741E+00    0.75956E+03
    0.65029E+00    0.74565E+03
    0.66342E+00    0.73202E+03
    0.67683E+00    0.71865E+03
    0.69050E+00    0.70554E+03
    0.70445E+00    0.69267E+03
    0.71868E+00    0.68003E+03
    0.73320E+00    0.66760E+03
    0.74801E+00    0.65538E+03
    0.76312E+00    0.64336E+03
    0.77854E+00    0.63153E+03
    0.79426E+00    0.61989E+03
    0.81031E+00    0.60841E+03
    0.82668E+00    0.59711E+03
    0.84338E+00    0.58597E+03
    0.86041E+00    0.57499E+03
    0.87780E+00    0.56416E+03
    0.89553E+00    0.55348E+03
    0.91362E+00    0.54294E+03
    0.93208E+00    0.53254E+03
    0.95091E+00    0.52227E+03
    0.97011E+00    0.51213E+03
    0.98971E+00    0.50212E+03
    0.10097E+01    0.49223E+03
    0.10301E+01    0.48246E+03
    0.10509E+01    0.47281E+03
    0.10721E+01    0.46327E+03
    0.10938E+01    0.45383E+03
    0.11159E+01    0.44451E+03
    0.11384E+01    0.43530E+03
    0.11614E+01    0.42618E+03
    0.11849E+01    0.41718E+03
    0.12088E+01    0.40827E+03
    0.12333E+01    0.39947E+03
    0.12582E+01    0.39077E+03
    0.12836E+01    0.38216E+03
    0.13095E+01    0.37366E+03
    0.13360E+01    0.36526E+03
    0.13630E+01    0.35695E+03
    0.13905E+01    0.34875E+03
    0.14186E+01    0.34064E+03
    0.14472E+01    0.33263E+03
    0.14765E+01    0.32473E+03
    0.15063E+01    0.31692E+03
    0.15367E+01    0.30922E+03
    0.15678E+01    0.30162E+03
    0.15994E+01    0.29412E+03
    0.16318E+01    0.28673E+03
    0.16647E+01    0.27944E+03
    0.16984E+01    0.27226E+03
    0.17327E+01    0.26518E+03
    0.17677E+01    0.25821E+03
    0.18034E+01    0.25135E+03
    0.18398E+01    0.24460E+03
    0.18770E+01    0.23796E+03
    0.19149E+01    0.23143E+03
    0.19536E+01    0.22501E+03
    0.19930E+01    0.21871E+03
    0.20333E+01    0.21252E+03
    0.20744E+01    0.20644E+03
    0.21163E+01    0.20048E+03
    0.21590E+01    0.19463E+03
    0.22026E+01    0.18890E+03
    0.22471E+01    0.18329E+03
    0.22925E+01    0.17779E+03
    0.23388E+01    0.17241E+03
    0.23861E+01    0.16714E+03
    0.24343E+01    0.16199E+03
    0.24835E+01    0.15696E+03
    0.25336E+01    0.15204E+03
    0.25848E+01    0.14724E+03
    0.26370E+01    0.14255E+03
    0.26903E+01    0.13797E+03
    0.27447E+01    0.13351E+03
    0.28001E+01    0.12915E+03
    0.28567E+01    0.12491E+03
    0.29144E+01    0.12078E+03
    0.29733E+01    0.11676E+03
    0.30333E+01    0.11284E+03
    0.30946E+01    0.10903E+03
    0.31571E+01    0.10532E+03
    0.32209E+01    0.10172E+03
    0.32860E+01    0.98216E+02
    0.33523E+01    0.94813E+02
    0.34201E+01    0.91509E+02
    0.34892E+01    0.88300E+02
    0.35596E+01    0.85187E+02
    0.36316E+01    0.82166E+02
    0.37049E+01    0.79237E+02
    0.37798E+01    0.76397E+02
    0.38561E+01    0.73645E+02
    0.39340E+01    0.70978E+02
    0.40135E+01    0.68395E+02
    0.40946E+01    0.65894E+02
    0.41773E+01    0.63473E+02
    0.42617E+01    0.61130E+02
    0.43478E+01    0.58864E+02
    0.44356E+01    0.56672E+02
    0.45252E+01    0.54553E+02
    0.46166E+01    0.52504E+02
    0.47099E+01    0.50524E+02
    0.48050E+01    0.48612E+02
    0.49021E+01    0.46765E+02
    0.50011E+01    0.44981E+02
    0.51021E+01    0.43259E+02
    0.52052E+01    0.41597E+02
    0.53104E+01    0.39993E+02
    0.54176E+01    0.38446E+02
    0.55271E+01    0.36954E+02
    0.56387E+01    0.35515E+02
    0.57526E+01    0.34128E+02
    0.58689E+01    0.32791E+02
    0.59874E+01    0.31502E+02
    0.61084E+01    0.30261E+02
    0.62318E+01    0.29065E+02
    0.63577E+01    0.27913E+02
    0.64861E+01    0.26804E+02
    0.66171E+01    0.25736E+02
    0.67508E+01    0.24708E+02
    0.68872E+01    0.23718E+02
    0.70263E+01    0.22766E+02
    0.71682E+01    0.21850E+02
    0.73130E+01    0.20969E+02
    0.74608E+01    0.20122E+02
    0.76115E+01    0.19307E+02
    0.77653E+01    0.18523E+02
    0.79221E+01    0.17770E+02
    0.80822E+01    0.17045E+02
    0.82454E+01    0.16349E+02
    0.84120E+01    0.15681E+02
    0.85819E+01    0.15038E+02
    0.87553E+01    0.14420E+02
    0.89322E+01    0.13827E+02
    0.91126E+01    0.13257E+02
    0.92967E+01    0.12710E+02
    0.94845E+01    0.12185E+02
    0.96761E+01    0.11680E+02
    0.98716E+01    0.11196E+02
    0.10071E+02    0.10731E+02
    0.10274E+02    0.10285E+02
    0.10482E+02    0.98562E+01
    0.10694E+02    0.94451E+01
    0.10910E+02    0.90506E+01
    0.11130E+02    0.86721E+01
    0.11355E+02    0.83090E+01
    0.11584E+02    0.79606E+01
    0.11818E+02    0.76264E+01
    0.12057E+02    0.73059E+01
    0.12301E+02    0.69985E+01
    0.12549E+02    0.67037E+01
    0.12803E+02    0.64210E+01
    0.13061E+02    0.61500E+01
    0.13325E+02    0.58901E+01
    0.13594E+02    0.56409E+01
    0.13869E+02    0.54021E+01
    0.14149E+02    0.51732E+01
    0.14435E+02    0.49537E+01
    0.14727E+02    0.47434E+01
    0.15024E+02    0.45419E+01
    0.15328E+02    0.43487E+01
    0.15637E+02    0.41636E+01
    0.15953E+02    0.39863E+01
    0.16275E+02    0.38163E+01
    0.16604E+02    0.36535E+01
    0.16940E+02    0.34975E+01
    0.17282E+02    0.33481E+01
    0.17631E+02    0.32049E+01
    0.17987E+02    0.30677E+01
    0.18351E+02    0.29363E+01
    0.18721E+02    0.28105E+01
    0.19099E+02    0.26899E+01
    0.19485E+02    0.25745E+01
    0.19879E+02    0.24639E+01
    0.20280E+02    0.23580E+01
    0.20690E+02    0.22567E+01
    0.21108E+02    0.21596E+01
    0.21535E+02    0.20667E+01
    0.21970E+02    0.19778E+01
    0.22413E+02    0.18927E+01
